                                                                                                                                                                                                                                                          
                                                                                                                                                                                                                                                          
                                                                                                                                                                                                                                                          
                                                                                                                                                                                                                                                          
                                                                                                                                                                                                                                                          
                                                                                                                                                                                                                                                          
                                                                                                                                                                                                                                                          
                                                                                                                                                                                                                                                          
                                                                                                                                                                                                                                                          
                                                                                                                                                                                                                                                          
                                                                                                                                                                                                                                                          
                                                                                                                                                                                                                                                          
                                                                                                                                                                                                                                                          
                                                                                                                                                                                                                                                          
                                                                                                                                                                                                                                                          
                                                                                                                                                                                                                                                          
                                                                                                                                                                                                                                                          
                                                                                                                                                                                                                                                          
                                                                                                                                                                                                                                                          
                                                                                                                                                                                                                                                          
                                                                                                                                                                                                                                                          
                                                                                                                                                                                                                                                          
                                                                                                                                                                                                                                                          
                                                                                                                                                                                                                                                          
                                                                                                                                                                                                                                                          
                                                                                                                                                                                                                                                          
                                                                                                                                                                                                                                                          
                                                                                                                                                                                                                                                          
                                                                                                                                                                                                                                                          
                                                                                                                                                                                                                                                          
                                                                                                                                                                                                                                                          
                                                                                                                                                                                                                                                          
                                                                                                                                                                                                                                                          
                                                                                                                                                                                                                                                          
                                                                                                                                                                                                                                                          
                                                                                                                                                                                                                                                          
                                                                                                                                                                                                                                                          
                                                                                                                                                                                                                                                          
                                                                                                                                                                                                                                                          
                                                                                                                                                                                                                                                          
                                                                                                                                                                                                                                                          
                                                                                                                                                                                                                                                          
                                                                                                                                                                                                                                                          
                                                                                  111111111111111111111111                                                                                                                                                
                                                                           11111111111111111111111111111111111111                                                                                                                                         
                                                                      111111111111111111111111111111111111111111111111                                                                                                                                    
                                                                  11111111111111111111111111111111111111111111111111111111                                                                                                                                
                                                               111111111111111111111111111111111111111111111111111111111111111                                                                                                                            
                                                            111111111111111111111111111111111111111111111111111111111111111111111                                                                                                                         
                                                         111111111111111111111111111111111111111111111111111111111111111111111111111                                                                                                                      
                                                      11111111111111111111111111111111111111111111111111111111111111111111111111111111                                                                                                                    
                                                    1111111111111111111111111111111111111111111111111111111111111111111111111111111111111                                                                                                                 
                                                  11111111111111111111111111111111111111111111111111111111222222222222222221111111111111111                                                                                                               
                                                111111111111111111111111111111111111111111111111111111222222222222232222222222211111111111111                                                                                                             
                                              1111111111111111111111111111111111111111111111111111122222222222233433333322222222221111111111111                                                                                                           
                                            11111111111111111111111111111111111111111111111111112222222222222336854433333322222222221111111111111                                                                                                         
                                          11111111111111111111111111111111111111111111111111112222222222222233459769533333322222222222111111111111                                                                                                        
                                        111111111111111111111111111111111111111111111111111122222222222222333345589754433333322222222222111111111111                                                                                                      
                                       111111111111111111111111111111111111111111111111111222222222222222333334457976444433333222222222221111111111111                                                                                                    
                                     111111111111111111111111111111111111111111111111111222222222222222223333444569985444444332222222222222111111111111                                                                                                   
                                    111111111111111111111111111111111111111111111111111222222222222222223333344457999755444554322222222222221111111111111                                                                                                 
                                  111111111111111111111111111111111111111111111111111222222222222222222333333444569999665556954322222222222221111111111111                                                                                                
                                 111111111111111111111111111111111111111111111111111222222222222222222333333344456899977667897433222222222222211111111111111                                                                                              
                                11111111111111111111111111111111111111111111111111222222222222222222233333333444567799988999864433222222222222211111111111111                                                                                             
                              11111111111111111111111111111111111111111111111111122222222222222222222333333344455667999999996544333222222222222211111111111111                                                                                            
                             1111111111111111111111111111111111111111111111111122222222222222222222233333333445556679999998755444332222222222222211111111111111                                                                                           
                            111111111111111111111111111111111111111111111111112222222222222222222223333333334455666899999876554443332222222222222211111111111111                                                                                          
                           111111111111111111111111111111111111111111111111112222222222222222222223333333334455566789999997655544333332222222222222111111111111111                                                                                        
                          11111111111111111111111111111111111111111111111111222222222222222222222333333333445556678999999986655443333332222222222222111111111111111                                                                                       
                         1111111111111111111111111111111111111111111111111222222222222222222222233333333344556777899999999976655443333332222222222222111111111111111                                                                                      
                        111111111111111111111111111111111111111111111111122222222222222222222223333333334445689889999999999876654433333332222222222222111111111111111                                                                                     
                       11111111111111111111111111111111111111111111111112222222222222222222222333333333444567999999999999999889854433333333222222222221111111111111111                                                                                    
                      1111111111111111111111111111111111111111111111111222222222222222222222233333333444459999999999999999999998644333333333222222222221111111111111111                                                                                   
                     111111111111111111111111111111111111111111111111222222222222222222222223333333444445579999999999999999999986544333333333322222222221111111111111111                                                                                  
                    1111111111111111111111111111111111111111111111112222222222222222222222333333344444455667999999999999999999996544433333333332222222222111111111111111                                                                                  
                   111111111111111111111111111111111111111111111111222222222222222222222233333344444445556678999999999999999999865544433333333333222222221111111111111111                                                                                 
                  11111111111111111111111111111111111111111111111122222222222222222222223333344444444555566789999999999999999997655544433333333333222222221111111111111111                                                                                
                  111111111111111111111111111111111111111111111112222222222222222222223333344444444455555667999999999999999999976555444443333333333222222211111111111111111                                                                               
                 11111111111111111111111111111111111111111111111222222222222222222223333344444444445555566789999999999999999999766555444444333333333322222211111111111111111                                                                              
                1111111111111111111111111111111111111111111111222222222222222222222333334444444445555556667899999999999999999998666555444444444433333322222211111111111111111                                                                             
               11111111111111111111111111111111111111111111112222222222222222222233333445555555555555566777899999999999999999998766665544444444444443332222211111111111111111                                                                             
               111111111111111111111111111111111111111111111222222222222222222233333345555669766666666777788999999999999999999987776665554444444445754332222211111111111111111                                                                            
              11111111111111111111111111111111111111111111122222222222222222233333344589777899766667788888899999999999999999999988778986555444455569754332222111111111111111111                                                                           
             111111111111111111111111111111111111111111111222222222222222233333333444699999999877778999999999999999999999999999999989999665555555668974432222211111111111111111                                                                           
             1111111111111111111111111111111111111111111122222222222222233333333344456799999999877889999999999999999999999999999999999997666655566799754332222111111111111111111                                                                          
            111111111111111111111111111111111111111111122222222222222233333333334444557999999999999999999999999999999999999999999999999997766667779996544332222111111111111111111                                                                         
           1111111111111111111111111111111111111111111222222222222233333333333344445557999999999999999999999999999999999999999999999999998778999889998784332222111111111111111111                                                                         
           11111111111111111111111111111111111111111122222222222233333333333334444455599999999999999999999999999999999999999999999999999998899999999999943332222111111111111111111                                                                        
          111111111111111111111111111111111111111112222222222233333333333333344444455678999999999999999999999999999999999999999999999999999999999999998643332222111111111111111111                                                                        
          1111111111111111111111111111111111111111222222222333333333333333334444444556779999999999999999999999999999999999999999999999999999999999999986433332221111111111111111111                                                                       
         11111111111111111111111111111111111111122222222233333333333333333344444445566779999999999999999999999999999999999999999999999999999999999999995433332222111111111111111111                                                                       
         111111111111111111111111111111111111112222222233333333333333333334444444456667899999999999999999999999999999999999999999999999999999999999997654333322221111111111111111111                                                                      
        1111111111111111111111111111111111111222222233333333333333333333344444444556677899999999999999999999999999999999999999999999999999999999999997544433332222111111111111111111                                                                      
        11111111111111111111111111111111111222222233333333333333333333334444444455667889999999999999999999999999999999999999999999999999999999999999965444333322221111111111111111111                                                                     
       111111111111111111111111111111111112222223333333333333333333333344444444556789999999999999999999999999999999999999999999999999999999999999999765444333322221111111111111111111                                                                     
       1111111111111111111111111111111112222223333333333333333333333344444444455689999999999999999999999999999999999999999999999999999999999999999987655443333222221111111111111111111                                                                    
      11111111111111111111111111111112222222333444433333333333333333444444444556799999999999999999999999999999999999999999999999999999999999999999987655444333222221111111111111111111                                                                    
      111111111111111111111111111112222222334544444444443333333334444444444555567999999999999999999999999999999999999999999999999999999999999999999976555443332222211111111111111111111                                                                   
      111111111111111111111111112222222223346865444444444444444444444444555555667899999999999999999999999999999999999999999999999999999999999999999986665544333222221111111111111111111                                                                   
     1111111111111111111111112222222222333445998644444444444444444455555555556667899999999999999999999999999999999999999999999999999999999999999999997666654333222221111111111111111111                                                                   
     11111111111111111111122222222222233344457996655555555555555555555555555666688999999999999999999999999999999999999999999999999999999999999999999987789743332222211111111111111111111                                                                  
    111111111111111111122222222222223333344456996665555555667966555555555556666789999999999999999999999999999999999999999999999999999999999999999999999999953332222221111111111111111111                                                                  
    111111111111111122222222222222233333344467998666555556679986665555555666667899999999999999999999999999999999999999999999999999999999999999999999999999754332222221111111111111111111                                                                  
    1111111111111122222222222222233333334444699988777666667999877666655666666779999999999999999999999999999999999999999999999999999999999999999999999999999543322222211111111111111111111                                                                 
   11111111111122222222222222222333333334444679999988987778999997777766666677789999999999999999999999999999999999999999999999999999999999999999999999999997443322222211111111111111111111                                                                 
   11111111111222222222222222223333333334445669999999999889999999989987777777889999999999999999999999999999999999999999999999999999999999999999999999999995443322222221111111111111111111                                                                 
   111111111222222222222222222333333333444455678999999999999999999999987777788899999999999999999999999999999999999999999999999999999999999999999999999997654433222222211111111111111111111                                                                
   111111122222222222222222223333333333444555677999999999999999999999998888888999999999999999999999999999999999999999999999999999999999999999999999999987654433222222211111111111111111111                                                                
  1111111222222222222222222233333333333444555677899999999999999999999999999999999999999999999999999999999999999999999999999999999999999999999999999999987654433222222211111111111111111111                                                                
  1111112222222222222222222333333333334445555677899999999999999999999999999999999999999999999999999999999999999999999999999999999999999999999999999999998654333222222221111111111111111111                                                                
  1111122222222222222222223333333333334455555677899999999999999999999999999999999999999999999999999999999999999999999999999999999999999999999999999999999954333222222221111111111111111111                                                                
  11112222222222222222222333333333333345555557789999999999999999999999999999999999999999999999999999999999999999999999999999999999999999999999999999999997543332222222211111111111111111111                                                               
  11122222222222222222223333333333333445555568899999999999999999999999999999999999999999999999999999999999999999999999999999999999999999999999999999999997443332222222211111111111111111111                                                               
 111222222222222222222233333333333334455556689999999999999999999999999999999999999999999999999999999999999999999999999999999999999999999999999999999999985443332222222211111111111111111111                                                               
 111222222222222222222333333333333345666666789999999999999999999999999999999999999999999999999999999999999999999999999999999999999999999999999999999999865433332222222211111111111111111111                                                               
 112222222222222222223333333333334459766677789999999999999999999999999999999999999999999999999999999999999999999999999999999999999999999999999999999999965433332222222221111111111111111111                                                               
 112222222222222222233333333444444568987777899999999999999999999999999999999999999999999999999999999999999999999999999999999999999999999999999999999999954433332222222221111111111111111111                                                               
 1222222222222222223333444444444555699988889999999999999999999999999999999999999999999999999999999999999999999999999999999999999999999999999999999999996544333322222222211111111111111111111                                                              
 1222222222222222233344444444455556689999999999999999999999999999999999999999999999999999999999999999999999999999999999999999999999999999999999999999975443333322222222211111111111111111111                                                              
 2222222222222222334444444444555556779999999999999999999999999999999999999999999999999999999999999999999999999999999999999999999999999999999999999999965443333322222222211111111111111111111                                                              
 2222333332222233444444444455555566779999999999999999999999999999999999999999999999999999999999999999999999999999999999999999999999999999999999999999755443333322222222211111111111111111111                                                              
 2233333334444665554444444555555577789999999999999999999999999999999999999999999999999999999999999999999999999999999999999999999999999999999999999997654443333322222222211111111111111111111                                                              
 2333334444455775555554455666667988899999999999999999999999999999999999999999999999999999999999999999999999999999999999999999999999999999999999999986554443333322222222211111111111111111111                                                              
 3333344444555897556666976666778999999999999999999999999999999999999999999999999999999999999999999999999999999999999999999999999999999999999999999876554443333322222222211111111111111111111                                                              
 4433555446678999877678998888899999999999999999999999999999999999999999999999999999999999999999999999999999999999999999999999999999999999999999999766554443333322222222211111111111111111111                                                              
99999999999999999999999999999999999999999999999999999999999999999999999999999999999999999999999999999999999999999999999999999999999999999999999998766554443333322222222211111111111111111111                                                              
 4433555446678999877678998888899999999999999999999999999999999999999999999999999999999999999999999999999999999999999999999999999999999999999999999766554443333322222222211111111111111111111                                                              
 3333344444555897556666976666778999999999999999999999999999999999999999999999999999999999999999999999999999999999999999999999999999999999999999999876554443333322222222211111111111111111111                                                              
 2333334444455775555554455666667988899999999999999999999999999999999999999999999999999999999999999999999999999999999999999999999999999999999999999986554443333322222222211111111111111111111                                                              
 2233333334444665554444444555555577789999999999999999999999999999999999999999999999999999999999999999999999999999999999999999999999999999999999999997654443333322222222211111111111111111111                                                              
 2222333332222233444444444455555566779999999999999999999999999999999999999999999999999999999999999999999999999999999999999999999999999999999999999999755443333322222222211111111111111111111                                                              
 2222222222222222334444444444555556779999999999999999999999999999999999999999999999999999999999999999999999999999999999999999999999999999999999999999965443333322222222211111111111111111111                                                              
 1222222222222222233344444444455556689999999999999999999999999999999999999999999999999999999999999999999999999999999999999999999999999999999999999999975443333322222222211111111111111111111                                                              
 1222222222222222223333444444444555699988889999999999999999999999999999999999999999999999999999999999999999999999999999999999999999999999999999999999996544333322222222211111111111111111111                                                              
 112222222222222222233333333444444568987777899999999999999999999999999999999999999999999999999999999999999999999999999999999999999999999999999999999999954433332222222221111111111111111111                                                               
 112222222222222222223333333333334459766677789999999999999999999999999999999999999999999999999999999999999999999999999999999999999999999999999999999999965433332222222221111111111111111111                                                               
 111222222222222222222333333333333345666666789999999999999999999999999999999999999999999999999999999999999999999999999999999999999999999999999999999999865433332222222211111111111111111111                                                               
 111222222222222222222233333333333334455556689999999999999999999999999999999999999999999999999999999999999999999999999999999999999999999999999999999999985443332222222211111111111111111111                                                               
  11122222222222222222223333333333333445555568899999999999999999999999999999999999999999999999999999999999999999999999999999999999999999999999999999999997443332222222211111111111111111111                                                               
  11112222222222222222222333333333333345555557789999999999999999999999999999999999999999999999999999999999999999999999999999999999999999999999999999999997543332222222211111111111111111111                                                               
  1111122222222222222222223333333333334455555677899999999999999999999999999999999999999999999999999999999999999999999999999999999999999999999999999999999954333222222221111111111111111111                                                                
  1111112222222222222222222333333333334445555677899999999999999999999999999999999999999999999999999999999999999999999999999999999999999999999999999999998654333222222221111111111111111111                                                                
  1111111222222222222222222233333333333444555677899999999999999999999999999999999999999999999999999999999999999999999999999999999999999999999999999999987654433222222211111111111111111111                                                                
   111111122222222222222222223333333333444555677999999999999999999999998888888999999999999999999999999999999999999999999999999999999999999999999999999987654433222222211111111111111111111                                                                
   111111111222222222222222222333333333444455678999999999999999999999987777788899999999999999999999999999999999999999999999999999999999999999999999999997654433222222211111111111111111111                                                                
   11111111111222222222222222223333333334445669999999999889999999989987777777889999999999999999999999999999999999999999999999999999999999999999999999999995443322222221111111111111111111                                                                 
   11111111111122222222222222222333333334444679999988987778999997777766666677789999999999999999999999999999999999999999999999999999999999999999999999999997443322222211111111111111111111                                                                 
    1111111111111122222222222222233333334444699988777666667999877666655666666779999999999999999999999999999999999999999999999999999999999999999999999999999543322222211111111111111111111                                                                 
    111111111111111122222222222222233333344467998666555556679986665555555666667899999999999999999999999999999999999999999999999999999999999999999999999999754332222221111111111111111111                                                                  
    111111111111111111122222222222223333344456996665555555667966555555555556666789999999999999999999999999999999999999999999999999999999999999999999999999953332222221111111111111111111                                                                  
     11111111111111111111122222222222233344457996655555555555555555555555555666688999999999999999999999999999999999999999999999999999999999999999999987789743332222211111111111111111111                                                                  
     1111111111111111111111112222222222333445998644444444444444444455555555556667899999999999999999999999999999999999999999999999999999999999999999997666654333222221111111111111111111                                                                   
      111111111111111111111111112222222223346865444444444444444444444444555555667899999999999999999999999999999999999999999999999999999999999999999986665544333222221111111111111111111                                                                   
      111111111111111111111111111112222222334544444444443333333334444444444555567999999999999999999999999999999999999999999999999999999999999999999976555443332222211111111111111111111                                                                   
      11111111111111111111111111111112222222333444433333333333333333444444444556799999999999999999999999999999999999999999999999999999999999999999987655444333222221111111111111111111                                                                    
       1111111111111111111111111111111112222223333333333333333333333344444444455689999999999999999999999999999999999999999999999999999999999999999987655443333222221111111111111111111                                                                    
       111111111111111111111111111111111112222223333333333333333333333344444444556789999999999999999999999999999999999999999999999999999999999999999765444333322221111111111111111111                                                                     
        11111111111111111111111111111111111222222233333333333333333333334444444455667889999999999999999999999999999999999999999999999999999999999999965444333322221111111111111111111                                                                     
        1111111111111111111111111111111111111222222233333333333333333333344444444556677899999999999999999999999999999999999999999999999999999999999997544433332222111111111111111111                                                                      
         111111111111111111111111111111111111112222222233333333333333333334444444456667899999999999999999999999999999999999999999999999999999999999997654333322221111111111111111111                                                                      
         11111111111111111111111111111111111111122222222233333333333333333344444445566779999999999999999999999999999999999999999999999999999999999999995433332222111111111111111111                                                                       
          1111111111111111111111111111111111111111222222222333333333333333334444444556779999999999999999999999999999999999999999999999999999999999999986433332221111111111111111111                                                                       
          111111111111111111111111111111111111111112222222222233333333333333344444455678999999999999999999999999999999999999999999999999999999999999998643332222111111111111111111                                                                        
           11111111111111111111111111111111111111111122222222222233333333333334444455599999999999999999999999999999999999999999999999999998899999999999943332222111111111111111111                                                                        
           1111111111111111111111111111111111111111111222222222222233333333333344445557999999999999999999999999999999999999999999999999998778999889998784332222111111111111111111                                                                         
            111111111111111111111111111111111111111111122222222222222233333333334444557999999999999999999999999999999999999999999999999997766667779996544332222111111111111111111                                                                         
             1111111111111111111111111111111111111111111122222222222222233333333344456799999999877889999999999999999999999999999999999997666655566799754332222111111111111111111                                                                          
             111111111111111111111111111111111111111111111222222222222222233333333444699999999877778999999999999999999999999999999989999665555555668974432222211111111111111111                                                                           
              11111111111111111111111111111111111111111111122222222222222222233333344589777899766667788888899999999999999999999988778986555444455569754332222111111111111111111                                                                           
               111111111111111111111111111111111111111111111222222222222222222233333345555669766666666777788999999999999999999987776665554444444445754332222211111111111111111                                                                            
               11111111111111111111111111111111111111111111112222222222222222222233333445555555555555566777899999999999999999998766665544444444444443332222211111111111111111                                                                             
                1111111111111111111111111111111111111111111111222222222222222222222333334444444445555556667899999999999999999998666555444444444433333322222211111111111111111                                                                             
                 11111111111111111111111111111111111111111111111222222222222222222223333344444444445555566789999999999999999999766555444444333333333322222211111111111111111                                                                              
                  111111111111111111111111111111111111111111111112222222222222222222223333344444444455555667999999999999999999976555444443333333333222222211111111111111111                                                                               
                  11111111111111111111111111111111111111111111111122222222222222222222223333344444444555566789999999999999999997655544433333333333222222221111111111111111                                                                                
                   111111111111111111111111111111111111111111111111222222222222222222222233333344444445556678999999999999999999865544433333333333222222221111111111111111                                                                                 
                    1111111111111111111111111111111111111111111111112222222222222222222222333333344444455667999999999999999999996544433333333332222222222111111111111111                                                                                  
                     111111111111111111111111111111111111111111111111222222222222222222222223333333444445579999999999999999999986544333333333322222222221111111111111111                                                                                  
                      1111111111111111111111111111111111111111111111111222222222222222222222233333333444459999999999999999999998644333333333222222222221111111111111111                                                                                   
                       11111111111111111111111111111111111111111111111112222222222222222222222333333333444567999999999999999889854433333333222222222221111111111111111                                                                                    
                        111111111111111111111111111111111111111111111111122222222222222222222223333333334445689889999999999876654433333332222222222222111111111111111                                                                                     
                         1111111111111111111111111111111111111111111111111222222222222222222222233333333344556777899999999976655443333332222222222222111111111111111                                                                                      
                          11111111111111111111111111111111111111111111111111222222222222222222222333333333445556678999999986655443333332222222222222111111111111111                                                                                       
                           111111111111111111111111111111111111111111111111112222222222222222222223333333334455566789999997655544333332222222222222111111111111111                                                                                        
                            111111111111111111111111111111111111111111111111112222222222222222222223333333334455666899999876554443332222222222222211111111111111                                                                                          
                             1111111111111111111111111111111111111111111111111122222222222222222222233333333445556679999998755444332222222222222211111111111111                                                                                           
                              11111111111111111111111111111111111111111111111111122222222222222222222333333344455667999999996544333222222222222211111111111111                                                                                            
                                11111111111111111111111111111111111111111111111111222222222222222222233333333444567799988999864433222222222222211111111111111                                                                                             
                                 111111111111111111111111111111111111111111111111111222222222222222222333333344456899977667897433222222222222211111111111111                                                                                              
                                  111111111111111111111111111111111111111111111111111222222222222222222333333444569999665556954322222222222221111111111111                                                                                                
                                    111111111111111111111111111111111111111111111111111222222222222222223333344457999755444554322222222222221111111111111                                                                                                 
                                     111111111111111111111111111111111111111111111111111222222222222222223333444569985444444332222222222222111111111111                                                                                                   
                                       111111111111111111111111111111111111111111111111111222222222222222333334457976444433333222222222221111111111111                                                                                                    
                                        111111111111111111111111111111111111111111111111111122222222222222333345589754433333322222222222111111111111                                                                                                      
                                          11111111111111111111111111111111111111111111111111112222222222222233459769533333322222222222111111111111                                                                                                        
                                            11111111111111111111111111111111111111111111111111112222222222222336854433333322222222221111111111111                                                                                                         
                                              1111111111111111111111111111111111111111111111111111122222222222233433333322222222221111111111111                                                                                                           
                                                111111111111111111111111111111111111111111111111111111222222222222232222222222211111111111111                                                                                                             
                                                  11111111111111111111111111111111111111111111111111111111222222222222222221111111111111111                                                                                                               
                                                    1111111111111111111111111111111111111111111111111111111111111111111111111111111111111                                                                                                                 
                                                      11111111111111111111111111111111111111111111111111111111111111111111111111111111                                                                                                                    
                                                         111111111111111111111111111111111111111111111111111111111111111111111111111                                                                                                                      
                                                            111111111111111111111111111111111111111111111111111111111111111111111                                                                                                                         
                                                               111111111111111111111111111111111111111111111111111111111111111                                                                                                                            
                                                                  11111111111111111111111111111111111111111111111111111111                                                                                                                                
                                                                      111111111111111111111111111111111111111111111111                                                                                                                                    
                                                                           11111111111111111111111111111111111111                                                                                                                                         
                                                                                  111111111111111111111111                                                                                                                                                
                                                                                                                                                                                                                                                          
                                                                                                                                                                                                                                                          
                                                                                                                                                                                                                                                          
                                                                                                                                                                                                                                                          
                                                                                                                                                                                                                                                          
                                                                                                                                                                                                                                                          
                                                                                                                                                                                                                                                          
                                                                                                                                                                                                                                                          
                                                                                                                                                                                                                                                          
                                                                                                                                                                                                                                                          
                                                                                                                                                                                                                                                          
                                                                                                                                                                                                                                                          
                                                                                                                                                                                                                                                          
                                                                                                                                                                                                                                                          
                                                                                                                                                                                                                                                          
                                                                                                                                                                                                                                                          
                                                                                                                                                                                                                                                          
                                                                                                                                                                                                                                                          
                                                                                                                                                                                                                                                          
                                                                                                                                                                                                                                                          
                                                                                                                                                                                                                                                          
                                                                                                                                                                                                                                                          
                                                                                                                                                                                                                                                          
                                                                                                                                                                                                                                                          
                                                                                                                                                                                                                                                          
                                                                                                                                                                                                                                                          
                                                                                                                                                                                                                                                          
                                                                                                                                                                                                                                                          
                                                                                                                                                                                                                                                          
                                                                                                                                                                                                                                                          
                                                                                                                                                                                                                                                          
                                                                                                                                                                                                                                                          
                                                                                                                                                                                                                                                          
                                                                                                                                                                                                                                                          
                                                                                                                                                                                                                                                          
                                                                                                                                                                                                                                                          
                                                                                                                                                                                                                                                          
                                                                                                                                                                                                                                                          
                                                                                                                                                                                                                                                          
                                                                                                                                                                                                                                                          
                                                                                                                                                                                                                                                          
                                                                                                                                                                                                                                                          
